0
0.01265
0.01199
0.01133
0.01067
0.00981
0.00239
-0.00502
-0.01243
-0.01889
-0.01044
-0.00198
0.00647
0.00088
-0.01488
-0.02886
-0.02491
-0.02097
-0.01702
-0.01307
-0.00912
-0.00517
-0.00122
-0.00175
-0.00478
-0.00782
-0.01086
-0.0139
-0.01694
-0.01777
-0.00857
0.00064
0.00985
0.01906
0.02436
0.01496
0.00556
-0.00383
-0.0012
0.00588
0.01297
0.00553
-0.01641
-0.03836
-0.03705
-0.01426
0.00853
0.03132
0.03195
0.0267
0.02579
0.03501
0.04424
0.0344
0.02037
0.00634
-0.00601
-0.00131
0.00338
0.00808
0.00647
0.00082
0.01155
0.02473
0.0379
0.05108
0.05024
0.04785
0.03917
-0.00253
-0.04423
-0.07511
-0.05671
-0.0383
-0.0199
-0.01037
-0.01169
-0.01301
0.09478
0.07131
0.04367
0.01603
-0.0116
-0.03924
-0.01815
0.00294
0.02403
0.03149
0.00391
-0.02367
-0.00203
0.0327
0.06364
0.0352
0.00676
-0.01935
-0.01462
-0.00989
-0.00515
-0.00042
0.00431
0.00904
0.0034
-0.00394
0.01082
0.03854
0.04316
0.01164
-0.01988
-0.0004
0.02474
0.04249
0.0241
0.00571
0.00161
0.00424
0.00371
-0.00946
-0.02264
-0.02645
0.0029
0.03225
0.0616
0.04804
0.03405
0.02006
0.00607
-0.00792
-0.02191
-0.01622
-0.00465
0.00693
0.0185
0.03007
0.03062
0.02991
0.03254
0.03517
0.02013
0.00147
-0.01719
-0.00681
0.00869
0.02146
0.01206
0.01038
0.02188
0.02775
0.02445
0.02115
0.02613
0.04353
0.06094
0.07247
0.0553
0.03814
0.02098
0.00382
-0.01334
-0.03051
-0.03044
-0.01016
0.01013
0.03042
0.02808
0.02528
0.02248
0.01968
0.08113
0.16287
0.15773
0.07239
-0.01294
-0.09828
-0.18361
-0.26895
-0.18618
-0.06399
0.0582
0.16639
0.11351
0.06062
0.00774
-0.04515
-0.03485
-0.0134
0.00806
-0.02671
-0.09593
-0.11861
-0.0685
-0.01839
-0.00371
-0.00267
0.02689
0.04919
0.03601
0.03016
0.02775
0.02535
-0.0469
-0.12281
-0.09892
-0.03425
0.03042
0.09508
0.15975
0.18416
0.08781
-0.00855
-0.1049
-0.20126
-0.17064
-0.10209
-0.06612
-0.10992
-0.14704
-0.05708
-0.03963
-0.07916
-0.11869
-0.15822
-0.08386
0.21156
0.35435
0.21368
0.073
-0.06767
-0.20835
-0.24427
-0.10928
0.02571
0.16069
0.16925
0.10973
0.05021
-0.00931
-0.06883
-0.07166
0.00068
0.07302
0.14535
0.11531
0.07988
0.04445
0.00902
0.20877
0.20674
0.1283
0.04986
-0.02858
-0.10702
-0.11965
-0.06905
-0.01844
0.01301
-0.00477
-0.02254
-0.04032
-0.0581
-0.01499
0.16363
0.15271
0.10019
0.04766
-0.00486
-0.05738
-0.10991
-0.16243
-0.21495
-0.26748
-0.27359
-0.12434
0.02491
0.13502
0.02334
-0.08835
-0.20004
-0.31172
-0.25999
-0.12776
0.00447
0.13669
0.26892
0.25423
0.17658
0.09893
0.02128
-0.05637
-0.05332
-0.02043
0.01246
0.04535
0.07824
0.11113
0.14402
0.17691
0.2098
0.19554
0.06586
-0.06382
-0.19351
-0.13931
-0.04197
0.05536
0.1527
0.25003
0.32433
0.19131
0.05829
-0.07473
-0.20774
-0.34076
-0.47378
-0.30489
-0.09483
0.11523
0.27682
0.18387
0.09093
-0.00201
-0.09495
-0.18789
-0.28083
-0.37377
-0.19456
0.10129
0.25356
-0.10327
-0.07562
-0.03608
-0.0358
-0.07636
-0.11692
-0.15748
-0.19804
-0.23861
-0.24706
-0.17296
-0.09885
-0.02475
0.04936
0.12346
0.19049
0.14661
0.10272
0.05884
0.01496
-0.02892
-0.07281
-0.11669
-0.16057
0.02354
0.24476
0.33061
0.19559
0.06057
-0.07445
-0.20947
-0.34448
-0.4352
-0.2933
-0.15141
-0.00952
0.13238
0.10669
0.00573
-0.09524
-0.05987
0.03118
0.12223
0.06083
-0.05696
-0.17474
-0.29253
-0.41032
-0.27444
-0.05846
0.15752
0.36439
0.27661
0.18882
0.10103
0.01325
-0.06229
0.05411
0.17051
0.2869
0.26236
0.20895
0.15555
0.10214
0.04873
-0.00468
-0.05809
-0.1115
-0.08748
-0.05291
-0.01834
0.01623
0.05079
0.08536
0.03701
-0.05406
-0.14514
-0.23621
-0.32729
-0.41836
-0.2383
-0.04397
0.01117
-0.0971
-0.04288
0.07453
0.19195
0.30936
0.23416
0.15896
0.08376
0.00857
-0.06663
-0.14183
-0.10759
-0.04248
0.02264
0.08775
0.15286
0.12384
0.07274
0.02164
-0.02946
-0.08055
-0.13165
-0.12485
-0.07944
-0.03403
0.01138
0.05678
0.08668
0.01279
-0.06111
-0.13501
-0.2089
-0.2828
-0.24073
-0.03852
0.16369
0.12238
0.06274
0.00311
-0.00598
0.18711
0.2126
0.16962
0.12665
0.08367
0.04069
-0.00228
-0.04526
-0.08823
-0.13121
-0.14463
-0.07815
-0.01167
0.05481
0.12129
0.12292
0.07148
0.02005
-0.03139
-0.08282
-0.12327
-0.03739
0.0485
0.13438
0.16436
0.0905
0.01664
-0.05722
-0.06745
-0.0403
-0.01315
0.014
0.04115
0.0683
0.09545
0.11259
0.08084
0.04909
0.01735
-0.0144
-0.04615
-0.07789
-0.10964
-0.14138
-0.17313
-0.13277
-0.01429
0.10419
0.11857
0.02887
-0.06083
-0.08241
-0.04035
-0.08646
-0.08404
-0.03859
-0.05954
-0.09813
-0.13101
-0.07425
-0.01749
0.03928
0.09604
0.1528
0.14461
0.09129
0.03797
-0.01534
-0.06866
-0.05951
-0.01208
0.02698
0.01455
0.01177
0.02349
0.0352
0.03786
-0.00373
-0.04531
-0.07072
-0.02247
0.02578
0.07403
0.12228
0.11288
0.07993
0.04699
0.01404
-0.01891
-0.05185
-0.03937
-0.02343
-0.04017
-0.00196
0.03624
0.05279
0.05014
0.04959
0.09966
0.05902
-0.00429
-0.02685
0.0372
0.08119
0.08444
0.08769
0.07163
0.01806
-0.03551
-0.08907
-0.11715
-0.10182
-0.10868
-0.11857
-0.01732
0.09767
0.04826
-0.00602
0.01008
0.02618
0.01506
0.00189
0.02883
0.07378
0.11874
0.10162
0.05915
0.01668
-0.0258
-0.06827
-0.08985
-0.04526
-0.00067
0.04392
0.08852
0.05904
0.00743
-0.04417
-0.09577
-0.14386
-0.1076
-0.07134
-0.03508
0.00118
0.03744
0.02573
-0.02072
-0.06716
-0.11361
-0.16006
-0.11117
-0.04676
0.00819
-0.00621
-0.02062
-0.01586
0.01887
0.05361
0.08834
0.06978
0.04594
0.0221
-0.00173
-0.02557
-0.0009
0.04557
0.09204
0.13851
0.13357
0.10765
0.08172
0.08781
0.10574
0.12367
0.0763
0.02893
-0.01844
-0.04191
-0.00077
0.04038
0.08153
0.09627
0.04941
0.00255
-0.04432
-0.06613
-0.03471
-0.00329
0.02813
0.05955
0.03374
-0.00218
-0.0381
-0.07401
-0.10993
-0.14585
-0.15173
-0.1086
-0.06548
-0.02235
0.02077
0.01982
0.01451
0.03125
0.07723
0.09137
0.065
0.03863
0.01226
-0.01411
0.01265
0.04104
0.06944
0.00087
-0.06967
-0.14022
-0.21077
-0.14911
-0.0457
0.05771
0.15588
0.08479
0.0137
-0.0574
-0.12849
-0.18726
-0.05308
0.08111
0.10394
0.04614
-0.01166
-0.06946
-0.12726
-0.0952
-0.00569
0.08383
0.17334
0.15974
0.08558
0.01141
-0.06275
-0.13691
-0.09757
-0.04701
-0.00891
-0.03162
-0.05434
-0.03057
0.01409
-0.00983
-0.06313
-0.07377
0.06684
0.14895
0.03519
-0.07857
-0.05603
0.01441
0.08484
0.12929
0.09981
0.07033
0.04085
0.01304
0.02537
0.0377
0.05003
0.06236
0.06009
0.0544
0.0487
0.04737
0.05449
0.06161
0.05607
0.04208
0.0281
0.01411
0.01129
0.02668
0.04208
0.05747
0.07287
0.08827
0.08282
0.06664
0.05046
0.03428
0.0181
0.00691
0.017
0.02708
0.03717
0.0167
-0.00503
-0.02677
-0.0485
-0.01497
0.03797
0.09092
0.07197
0.05302
0.03408
0.01513
0.03695
0.05345
0.0288
0.00414
-0.02052
-0.01306
-0.00158
-0.03673
-0.07189
-0.09159
0.04486
0.08994
0.07894
0.10709
0.10383
0.0471
-0.00963
-0.05689
-0.04592
-0.03495
-0.02398
-0.01678
-0.02933
-0.04188
-0.04819
-0.02606
-0.00392
0.01821
0.04034
0.06248
0.03784
0.01126
-0.01532
-0.04191
-0.06849
-0.06986
-0.04497
-0.02803
-0.03371
-0.03939
-0.04507
-0.03023
-0.01124
-0.03166
-0.04986
-0.02585
-0.01276
-0.02397
-0.02972
-0.02383
-0.01795
-0.0156
-0.02011
-0.02462
-0.0181
-0.00964
-0.00118
-0.00033
-0.00413
0.0097
0.02593
0.04215
0.05838
0.0552
0.04203
0.0317
0.03524
0.03879
0.03151
0.01042
-0.01066
-0.03174
-0.02853
-0.01539
-0.01041
-0.03278
-0.05515
-0.03466
0.0009
0.02247
0.00426
-0.01395
-0.03216
-0.05037
-0.06614
-0.02347
0.0162
-0.00141
-0.01901
-0.03384
-0.01194
0.00996
0.02828
0.01038
-0.00752
-0.02542
-0.01238
0.02044
0.02036
0.00013
-0.02011
-0.01333
0.00864
0.01118
0.00326
-0.00129
0.01187
0.01922
0.0001
-0.01903
-0.03815
-0.05728
-0.06813
-0.04785
-0.02757
-0.0073
0.01298
0.03326
0.03461
0.02931
0.02723
0.03477
0.03559
0.01821
0.00083
-0.01655
-0.03394
-0.05132
-0.05185
-0.04816
-0.04448
-0.05059
-0.05886
-0.00848
0.05392
0.05095
0.03554
0.02014
0.02926
0.03264
0.01942
0.02416
0.03134
0.01802
0.00217
-0.01367
-0.01038
-0.0113
-0.02101
-0.0042
0.01492
0.02977
0.02643
0.02446
0.02793
0.0314
0.01169
-0.00873
-0.00757
-0.00598
-0.04508
-0.06854
-0.04386
-0.01917
0.00552
0.02948
0.01798
0.00648
-0.00502
-0.01653
-0.02803
-0.03326
-0.02455
-0.01583
-0.00711
-0.00577
-0.00978
-0.01215
0.00017
0.01248
0.0248
0.03712
0.03318
0.02681
0.02044
0.01408
0.00771
0.00134
-0.00005
0.00113
0.0023
0.00348
-0.00779
-0.02
-0.01582
-0.0106
-0.01246
-0.02263
-0.03281
-0.03952
-0.03464
-0.03147
-0.03372
-0.02224
-0.00619
-0.00548
-0.00961
-0.01374
-0.01787
-0.022
-0.03371
-0.04744
-0.06116
-0.07367
-0.06705
-0.06043
-0.05381
-0.04719
-0.04057
-0.03395
-0.02733
-0.02647
-0.02928
-0.0321
-0.03491
-0.03773
-0.03205
-0.0216
-0.0132
-0.01641
-0.01963
-0.01286
-0.00116
0.01053
0.02222
0.01617
0.00899
0.0018
-0.00538
-0.01257
-0.01975
-0.01029
-0.00048
0.00932
0.01913
0.01514